1 1118811111Τ1011

arra 1111111111111 1111111111111111111111, 111111 111 111111 11
5111111111.11111111111111111111111 111111111111 11 111111111111,
de 1111111111 1 11 11111111 pridie 11111111 aa 1111 kalendas, la reilla
111 111111111111111 kalendas, lavant-voille: 111111 kalendas, 111
1111111111111111, 11111 1111111. 1111111111 11 meme 111 11111 aa
11111111111111, tertia, 111, narrar, 11 111111, 111111-111111, 111, 111
1111111111111111,111111, 111, 1111, 11 raino, l'avant·veille dea
1111, 1111111111· 1111, 111. ’

[1111111111 jaura 11111 111 11111111 1111111111 1111111 111
11111111111111 11111111 1111111111 11111111111, 1111 111 maia 111
11111111 1111111115, 11111111 quartanam, 111 avant 111 11111·
11111 qua 1111 11111111 11 n'y 1111 11111 11111 11111 111 11111111
1111111,1111111111111 111 autres 11111, 11 1111111 11 1111111111
111111111111111111111, le 111111 111 11111 , 11111 qu'il y 1 cinq
111111111111 1111111 1111111 1111 111111111111111 11 11111 111111
' 11111111 qui 1111111111111111111111 11 111 11111111 subsequentes,
1111 11111 111 Iasides 1111111111 11 13 1111111111 15; 1111111111111
11111111 111 11111131, 111111 30 11 11111118 11111, 11 e’est 11111111
1111111111111111111111 s'appelle au 11 19 ou 11 11 11 11 16 11111
111 11111111. ll aa 11111111111111111 11 qui 1111111111111111 qui 11
trouvent ,11111 111 11111 11111 1111 : quand 111111 111 1111111111111
11111111 11111111, 11 111 11111111 artavo 1111, 11 8 11111 111 1111,
11 1111111111 111 11111, 11111 qu’il y 1 11111111 1111111111 11111 111
11111 11 1111111.

(11111 11111111 11111111111111111 1111111 111111111111111111111
111111, 111111 1111111111, 11111111111 111 1111 111111 11111111-
111111111 111111111111.

11. ’111111 1111111111111111111111111 11111111 remonte aux pra·
11111111111111111111, lorsque 1111111111 1111 11 11111 11 mir
11 11111111111 111 choses 111111 11111’11111111 111 11111, il 11111111
1111111111, 111111 111111 pour 1111 sabbat 1111111 111 1111111111
1111111111,11 11111 11’1111111111111 11111111111111 jours 11 11
semaiae 111 1111111111 Prima, 1111111, tertia rabbath 11 1111111

11111 11 111 usage que 11 1111111111 11 1111111111 1 11 1111 1111111-
1111111111111111111 1111111111 jeane deux 1111 11 semaiae.

11111111111111111,1111111111 11 semaiae a'appellent, 11 premier.
1111111111, 1111111111111, 111111 seigneur, 11111 que 11 jour· 111
111111111111111111111 111111111111111 11111111 11 111111111111 11
11111 divin 8111111, qui 1 11 1111 111111111111111111;111 111111
11111111111111111 11111 11, 11, 11, 5«, 6·‚ 11 1111111.

11111111111111,11111111111111111111111111’11111111111111111111111
11 111111, jour 11 11 1111(11111); 11 1111111111, 111111 11111(1ι1111);
¹⁰ 1111111111, jour 1111111111 1111111111); 11 1111111111, 1111111111
11 (11 1111111(11111; 1111111111,111111 111111(11111111); 11 1111111111,
10111, ‘¹⁰ salum& (samedi); 11111 111 voit que 11111111111 11111-
11111111111111111 11111111 11111111 1111 1111111 11 11 1111111111 111
111111111111111111111111111111111 11 11111111111111111111111111,

 

