sun 13 3113131131. 13

Nous 31333 13 3311131331 33 pervenerit 1 33333111313 131113 1331131-
3313 1113). 1331 113313113 1333 13 113333, 111331313131131 1133313 13
133313 31333313. 1133331333 dit 311311331111331 comment 1113113131
prendre pour 13113331111 (55). 11133313, 33133311, 1311333333111311
de 13313 31311 13 1333 uolet 1311113133 311 let 31313, 31 331 consequent
3113 1311333331113 1 3331133113 13313 13111313 le lune 331 nouvelle.
Sil'on 1311 33’31131311113138 31313131131331311113131311 1311111113
mois: 331131333 3313 1333 3333313131 lu 1113 13 113333 3313 33 13 1133
313133 uu 333 13313 33113313, 33133 333 1131133313 13 131113 dominicale.

Si 11333131311 3311331113 333 13 13333313 nouvelle 3133113 8 mere,
33113 13113 uo 3313 33131 3333313, 31 11 133113 31133113 13 1111131333 331-
13313 ; 3’11 1331 131133113 1333133 531111, 13 11 131111311 333 13 18,
31, 3333331 333 331331331133 dimanohe, il 133113 31133113 131113133-
313 3311331 3331311111311311333, o'est-d-dire 131313315 avril, qui
331131331 13 3133 dieique 311 33113 1113 331333 33 1333331131.

11331 11331113 1113 13 113333 , il est facile 13 trouver 13 31333333
doivent occuper dene 13 331331113113333113311133 mobiles. Observez
3331331331 qu'uux 3311133 bissextiles, il 13111, 33113 13 1113 13 seint
11311133, 33 33111113 13 33331113 131113 dominicale.

68. 1111. 1133311113313 13 13133331331133331313 11133131- On
3331, 33 moyen de 1133313, 113331111133133 1333331311331333313
3311133113133313, 31331 que l'tge 13 13 lune, 13331333 1331 3113 33
3311 13 133313.

Pour 3313, 33 3311333 333 13 133 333 133 133313333 13 3313311131
3331 alternativement 13 30 etde 19 1331331 333 133 13313 3331 333313
33331133111 1311313 3331331 laquelle 113 commencent3 ajouter 1
1113331313 3333111313 13 1331331133 133 1131111133 33113313, 33133 13
111313 1331 33 1331 3131131113 1133131313113 ⁴, saveir, 1333 13 mois de
13111131,0; 131111131, 1 ; 13 31313, 0; 131111, 1 ; 13 3131, Q 131313,
³3 131311131,1; (133111, 5; de 3331313113,1; 13313113, 1; 1311313111·
113, 9;131133111113, 9. 11331 3111113331333 11313 33311133, divisui
13 1313133130; 33 331 13313 131133313 lage 13 13 1333, 3133111131313
13133131, chaque 111313, 13 1333331333313113.

Par 3131113131313311 331311 1133 13 13 133333 10 1133111113 1865;
1313313 91 1133313 3; 1313313 encore le 3333111131311131310, 31
331 1311 11. 03 3111113, 33 3331331-1113 11113133130, 33133331 ur.
13313 , 3113113333313333133331 33313 10 decembre 1815 , 13 1333
3 33 113313.

1331311331, si 13 1331313 3313113331 1131111113 1313 13331315 inor
1800, j'ajouterais 15 1 11333131, = 31 ; j'ajouterais ensuite 2‚= 3t;
11113331 ensuite 33130, 1313313 t indique que 131333 3131113313 13
25 3131 1860.

60. 13313331331131133113333113 1111111313 3113113313 3311 331131 dn
3313311131 33311313311333; 31, nous 131333 1111 131131331131,313
133313333 33 3331333 331111331331 3331313133 eux luneisons astronomi-'
ques ;31133 1111133131111313 331133 13 33133111313111133331131333331,

’ ¹ 0313111133331111133113 1 caure 113 1111131331 111313 entre 13 13133311
elev 111311 13331133 31131 molo 33131133.

 

